<?xml version='1.0' encoding='utf-8'?>
<opencv_storage>
	<cameraMatrix type_id="opencv-matrix">
		<rows>3</rows>
		<cols>3</cols>
		<dt>d</dt>
		<data>256.79040873786107 0.0 188.39996542029527 0.0 257.2862633011575 130.97027922434023 0.0 0.0 1.0 </data>
	</cameraMatrix>
	<distCoeffs type_id="opencv-matrix">
		<rows>1</rows>
		<cols>5</cols>
		<dt>d</dt>
		<data>-0.39414819600082734 0.3030430052871281 0.002779592731060498 -0.0009081706555696202 -0.27381241100975395 </data>
	</distCoeffs>
</opencv_storage>
